id,cause_score,effect_score,avg_score,pred_cause,pred_effect,orig_cause,orig_effect,judge_response
row0,1.0,1.0,1.0,central bank raises interest rates,consumer borrowing decreases,Central bank raises interest rates,Consumer borrowing decreases,"{""cause_score"": 1, ""effect_score"": 1}"
row1,1.0,1.0,1.0,the introduction of algorithmic trading strategies,increased volatility in financial markets,Introduction of algorithmic trading strategies,Increased volatility in financial markets,"{""cause_score"": 1, ""effect_score"": 1}"
row2,1.0,1.0,1.0,tightening regulations on cryptocurrency exchanges,reduced market liquidity,Tightening regulations on cryptocurrency exchanges,Reduced market liquidity,"{""cause_score"": 1, ""effect_score"": 1}"
row3,0.5,1.0,0.75,increased international trade tariffs and the broader economic environment,reduction in import-dependent industries' profitability,Increased international trade tariffs,Reduction in import-dependent industries' profitability,"{""cause_score"": 0.5, ""effect_score"": 1.0}"
row4,0.0,0.0,0.0,,,Rise in ESG investing standards,Growth in sustainable investment funds,"{""cause_score"": 0, ""effect_score"": 0}"
row5,0.0,0.0,0.0,,,Implementation of remote work policies,Reduced corporate real estate expenditures,"{""cause_score"": 0, ""effect_score"": 0}"
row6,1.0,1.0,1.0,enhanced data privacy legislation emerged,the increase in compliance costs for businesses,Enhanced data privacy legislation,Increased compliance costs for businesses,"{""cause_score"": 1.0, ""effect_score"": 1.0}"
row7,1.0,1.0,1.0,adoption of central bank digital currencies (CBDCs),"changes in cash usage, which notably declined",Adoption of central bank digital currencies (CBDCs),Decline in traditional cash usage,"{""cause_score"": 1.0, ""effect_score"": 1.0}"
row8,1.0,1.0,1.0,escalation of geopolitical tensions,Increased prices of commodities such as oil,Escalation of geopolitical tensions,Increased prices of commodities such as oil,"{""cause_score"": 1, ""effect_score"": 1}"
row9,1.0,1.0,1.0,rising inflation rates,decreased consumer purchasing power,Rising inflation rates,Decrease in consumer purchasing power,"{""cause_score"": 1, ""effect_score"": 1}"
row10,1.0,1.0,1.0,the growing focus on financial knowledge,increased household savings rates,Expansion of financial literacy education,Increased household savings rates,"{""cause_score"": 1.0, ""effect_score"": 1.0}"
row11,0.5,1.0,0.75,fintech grew,improved access to credit for small businesses was observed,Growth of fintech lending platforms,Improved access to credit for small businesses,"{""cause_score"": 0.5, ""effect_score"": 1}"
row12,1.0,1.0,1.0,the sudden bankruptcy of major banks,investor confidence appeared to decline,Sudden bankruptcy of major banks,Decline in investor confidence,"{""cause_score"": 1.0, ""effect_score"": 1.0}"
row13,0.0,0.0,0.0,,,Increased automation in financial auditing,Reduction in accounting errors,"{""cause_score"": 0, ""effect_score"": 0}"
row14,1.0,1.0,1.0,a reduction in government subsidies for renewable energy,decreased private investment in solar power projects,Reduction in government subsidies for renewable energy,Decreased private investment in solar power projects,"{""cause_score"": 1, ""effect_score"": 1}"
row15,0.5,0.0,0.25,both technology and changing consumer behavior,The factors behind these shifts remained varied,Surge in remote banking services,Decline in physical bank branch numbers,"{""cause_score"": 0.5, ""effect_score"": 0}"
row16,1.0,1.0,1.0,implementation of carbon taxes,increased operational costs for heavy industries,Implementation of carbon taxes,Increased operational costs for heavy industries,"{""cause_score"": 1, ""effect_score"": 1}"
row17,0.5,1.0,0.75,the technology,increased accuracy in loan approvals,Adoption of AI-driven credit scoring,Increased accuracy in loan approvals,"{""cause_score"": 0.5, ""effect_score"": 1.0}"
row18,0.0,0.0,0.0,,,Supply chain disruptions due to pandemics,Inflationary pressures on consumer goods,"{""cause_score"": 0, ""effect_score"": 0}"
row19,0.0,0.0,0.0,,,Expanded use of blockchain in supply chain finance,Improved transparency in transactions,"{""cause_score"": 0, ""effect_score"": 0}"
row20,1.0,1.0,1.0,rise in housing market speculation,increased risk of property price bubbles,Rise in housing market speculation,Increased risk of property price bubbles,"{""cause_score"": 1, ""effect_score"": 1}"
row21,0.0,0.0,0.0,slowed economic growth,reduction of foreign direct investment,Reduction of foreign direct investment due to economic sanctions,Slowed economic growth,"{""cause_score"": 0, ""effect_score"": 0}"
row22,0.0,0.0,0.0,,,Increased corporate mergers and acquisitions,Reduction in market competition,"{""cause_score"": 0, ""effect_score"": 0}"
row23,0.5,1.0,0.75,banks adjusted to the strengthened regulations,increased administrative overhead appeared,Strengthened anti-money laundering policies,Increased administrative overhead for banks,"{""cause_score"": 0.5, ""effect_score"": 1}"
row24,1.0,1.0,1.0,the shift toward digital payment systems accelerated,Physical currency circulation naturally declined,Shift towards digital payment systems,Reduced circulation of physical currency,"{""cause_score"": 1.0, ""effect_score"": 1.0}"
row25,1.0,1.0,1.0,,,,,"{""cause_score"": 1, ""effect_score"": 1}"
row26,1.0,1.0,1.0,increased frequency of forest fires,the reduction in biodiversity,Increased frequency of forest fires,Reduction in biodiversity,"{""cause_score"": 1, ""effect_score"": 1}"
row27,1.0,1.0,1.0,rapid expansion of urban areas,loss of wetlands,Expansion of urban areas,Loss of wetlands,"{""cause_score"": 1, ""effect_score"": 1}"
row28,1.0,1.0,1.0,rapid ocean acidification,decreased coral reef resilience,Rapid ocean acidification,Decreased coral reef resilience,"{""cause_score"": 1, ""effect_score"": 1}"
row29,1.0,1.0,1.0,adoption of regenerative agriculture practices,increased soil carbon sequestration,Adoption of regenerative agriculture practices,Increased soil carbon sequestration,"{""cause_score"": 1, ""effect_score"": 1}"
row30,1.0,1.0,1.0,extensive deforestation in tropical regions,a reduction in regional rainfall,Extensive deforestation in tropical regions,Reduction in regional rainfall,"{""cause_score"": 1, ""effect_score"": 1}"
row31,0.5,1.0,0.75,elevated currents of increased microplastic pollution,A decline in marine life populations,Increased microplastic pollution,Decline in marine life populations,"{""cause_score"": 0.5, ""effect_score"": 1.0}"
row32,1.0,1.0,1.0,widespread drought conditions,Reduced agricultural productivity,Widespread drought conditions,Reduced agricultural productivity,"{""cause_score"": 1, ""effect_score"": 1}"
row33,1.0,1.0,1.0,intensified hurricane activity,increased coastal infrastructure damage,Intensified hurricane activity,Increased coastal infrastructure damage,"{""cause_score"": 1, ""effect_score"": 1}"
row34,1.0,1.0,1.0,melting permafrost in polar regions,increased methane release,Melting permafrost in polar regions,Increased methane release,"{""cause_score"": 1, ""effect_score"": 1}"
row35,1.0,1.0,1.0,implementation of plastic bag bans,reduction in plastic waste,Implementation of plastic bag bans,Reduction in plastic waste,"{""cause_score"": 1, ""effect_score"": 1}"
row36,1.0,0.5,0.75,large-scale adoption of electric vehicles,a reduction in urban air pollution on transit corridors,Adoption of electric vehicles,Reduction in urban air pollution,"{""cause_score"": 1.0, ""effect_score"": 0.5}"
row37,0.5,1.0,0.75,epochs of rising global average temperatures,increased frequency of heatwaves,Rising global average temperatures,Increased frequency of heatwaves,"{""cause_score"": 0.5, ""effect_score"": 1.0}"
row38,1.0,1.0,1.0,basins with extensive fertilizer runoff,Increased eutrophication in aquatic ecosystems,Extensive fertilizer runoff,Increased eutrophication in aquatic ecosystems,"{""cause_score"": 1.0, ""effect_score"": 1.0}"
row39,1.0,1.0,1.0,enhanced public transportation infrastructure,reduced urban greenhouse gas emissions,Enhanced public transportation infrastructure,Reduced urban greenhouse gas emissions,"{""cause_score"": 1, ""effect_score"": 1}"
row40,1.0,1.0,1.0,rapid glacial retreat in mountainous regions,reduced freshwater availability,Rapid glacial retreat in mountainous regions,Reduced freshwater availability,"{""cause_score"": 1, ""effect_score"": 1}"
row41,0.5,1.0,0.75,"expansion of offshore wind farms reached commissioning milestones, though parallel rooftop‑solar incentives and interconnector upgrades also played roles",increased renewable energy production,Expansion of offshore wind farms,Increased renewable energy production,"{""cause_score"": 0.5, ""effect_score"": 1}"
row42,1.0,1.0,1.0,increased urban heat islands amid construction,elevated energy consumption for cooling,Increased urban heat islands due to construction,Elevated energy consumption for cooling,"{""cause_score"": 1, ""effect_score"": 1}"
row43,0.0,0.0,0.0,habitat disruption,,Development of large-scale solar farms,Habitat disruption for wildlife,"{""cause_score"": 0, ""effect_score"": 0}"
row44,1.0,1.0,1.0,severe soil erosion amid intensive agriculture,reduced land productivity,Severe soil erosion due to intensive agriculture,Reduced land productivity,"{""cause_score"": 1.0, ""effect_score"": 1.0}"
row45,1.0,1.0,1.0,adoption of stringent emissions regulations,reduction in industrial pollution,Adoption of stringent emissions regulations,Reduction in industrial pollution,"{""cause_score"": 1, ""effect_score"": 1}"
row46,0.5,1.0,0.75,increased brine discharge,impacting marine ecosystems,Increased desalination plant operations,Increased brine discharge impacting marine ecosystems,"{""cause_score"": 0.5, ""effect_score"": 1.0}"
row47,1.0,1.0,1.0,increased prevalence of invasive species amid global trade,loss of native species,Increased prevalence of invasive species due to global trade,Loss of native species,"{""cause_score"": 1, ""effect_score"": 1}"
row48,1.0,1.0,1.0,expansion of protected marine reserves,recovery of fish populations,Expansion of protected marine reserves,Recovery of fish populations,"{""cause_score"": 1, ""effect_score"": 1}"
row49,1.0,1.0,1.0,implementation of urban tree planting programs,mitigation of urban air pollution,Implementation of urban tree planting programs,Mitigation of urban air pollution,"{""cause_score"": 1, ""effect_score"": 1}"
row50,1.0,1.0,1.0,rapid melting of Antarctic ice shelves,acceleration of global sea‑level rise,Rapid melting of Antarctic ice shelves,Acceleration of global sea-level rise,"{""cause_score"": 1, ""effect_score"": 1}"
row51,1.0,1.0,1.0,,,,,"{""cause_score"": 1, ""effect_score"": 1}"
row52,0.0,0.0,0.0,,,Increased adoption of quantum computing algorithms,Enhanced computational speeds for cryptographic analysis,"{""cause_score"": 0, ""effect_score"": 0}"
row53,0.0,0.0,0.0,,,Increased use of machine learning in healthcare diagnostics,Improved accuracy in disease detection,"{""cause_score"": 0, ""effect_score"": 0}"
row54,0.5,0.5,0.5,more devices are interconnected,the risk of vulnerabilities in security frameworks continues to be a significant concern for cybersecurity professionals,Widespread adoption of IoT devices,Increased vulnerability to cyberattacks,"{""cause_score"": 0.5, ""effect_score"": 0.5}"
row55,1.0,0.0,0.5,the shift towards remote work,a surge in the use of various collaboration technologies,Growth in remote work technology adoption,Increased demand for cybersecurity solutions,"{""cause_score"": 1.0, ""effect_score"": 0.0}"
row56,0.5,0.5,0.5,5G infrastructure,faster wireless speeds and more reliable connections,Development of 5G infrastructure,Reduced latency in wireless communication,"{""cause_score"": 0.5, ""effect_score"": 0.5}"
row57,0.0,0.0,0.0,privacy concerns are also escalating,The debate around the ethical use of personal data continues to shape public perception and regulatory discussions,Increased application of facial recognition technologies,Heightened privacy concerns,"{""cause_score"": 0, ""effect_score"": 0}"
row58,1.0,1.0,1.0,processing information closer to the source,reduce latency,Implementation of edge computing,Reduced data transmission latency,"{""cause_score"": 1.0, ""effect_score"": 1.0}"
row59,0.5,0.5,0.5,Autonomous vehicle technology,"reducing human error in driving, potentially lowering traffic accidents",Rise in autonomous vehicle technology adoption,Reduction in traffic accidents,"{""cause_score"": 0.5, ""effect_score"": 0.5}"
row60,0.5,0.5,0.5,AR becomes more integrated into customer interactions,its potential to coincides with deeper engagement,Expanded use of augmented reality in retail,Enhanced customer engagement,"{""cause_score"": 0.5, ""effect_score"": 0.5}"
row61,1.0,1.0,1.0,Generative AI tools are gaining ground in content creation,enabling faster production of diverse types of media,Adoption of generative AI models,Increased productivity in content creation,"{""cause_score"": 1.0, ""effect_score"": 1.0}"
row62,1.0,1.0,1.0,Blockchain technology is being increasingly applied to enhance transparency in supply chains,allowing for better tracking of goods,Increased use of blockchain in supply chain management,Improved tracking of goods,"{""cause_score"": 1.0, ""effect_score"": 1.0}"
row63,0.0,0.0,0.0,,,Development of neuromorphic computing chips,Increased efficiency in artificial intelligence processing,"{""cause_score"": 0, ""effect_score"": 0}"
row64,0.0,1.0,0.5,traditional broadband infrastructure is limited,Satellite-based internet services are playing a pivotal role in connecting remote rural areas,Expansion of satellite-based internet services,Improved connectivity in rural areas,"{""cause_score"": 0, ""effect_score"": 1}"
row65,0.0,0.0,0.0,,,Widespread deployment of biometric authentication,Increased user account security,"{""cause_score"": 0, ""effect_score"": 0}"
row66,1.0,0.5,0.75,the advancement of predictive analytics tools,businesses are better equipped to anticipate market shifts and disruptions in the supply chain,Enhanced predictive analytics capabilities,Improved supply chain resilience,"{""cause_score"": 1.0, ""effect_score"": 0.5}"
row67,1.0,1.0,1.0,The widespread adoption of cloud storage solutions,new possibilities for businesses seeking to scale efficiently,Implementation of cloud-based data storage,Increased scalability for businesses,"{""cause_score"": 1, ""effect_score"": 1}"
row68,0.5,0.5,0.5,Regulatory pressures on social media platforms,calls for more transparent content moderation practices,Increased regulatory scrutiny on social media algorithms,Enhanced transparency in content moderation,"{""cause_score"": 0.5, ""effect_score"": 0.5}"
row69,0.0,0.0,0.0,,,Adoption of software-defined networking (SDN),Increased flexibility in network management,"{""cause_score"": 0, ""effect_score"": 0}"
row70,1.0,0.5,0.75,the expansion of data centers,environmental concerns related to the carbon footprint of these centers,Expansion of data center infrastructure,Increased energy consumption,"{""cause_score"": 1.0, ""effect_score"": 0.5}"
row71,0.0,0.0,0.0,,,Adoption of autonomous drones for deliveries,Reduction in human-operated vehicle use,"{""cause_score"": 0, ""effect_score"": 0}"
row72,0.0,0.0,0.0,,,Increased reliance on telemedicine,Improved access to healthcare services,"{""cause_score"": 0, ""effect_score"": 0}"
row73,1.0,1.0,1.0,the growth of open-source software,driving innovation,Widespread use of open-source software,Accelerated innovation in technology communities,"{""cause_score"": 1.0, ""effect_score"": 1.0}"
row74,0.0,0.0,0.0,the demand for even faster and more specialized hardware,continues to push the boundaries of current GPU technology,Enhanced GPU computational capabilities,Improved performance in AI training tasks,"{""cause_score"": 0, ""effect_score"": 0}"
row75,0.0,0.0,0.0,,,Increased application of digital twins in manufacturing,Optimized operational efficiency,"{""cause_score"": 0, ""effect_score"": 0}"
row76,0.0,0.5,0.25,the evolving nature of cyber threats,innovation in mobile security technologies,Enhanced encryption standards for mobile devices,Strengthened personal data protection,"{""cause_score"": 0, ""effect_score"": 0.5}"
